"Aqu" "Dij" "Arne" "Nev" "NIt" "Gai" "MCa" "Rome3" "Ger1" "Sens" "Rome2" "VimA" "Ger2" "VimC" "Che" "Rou" "Aux"
"Aqu" 0 239 244.5 287.5 139.5 315 338 2587.5 198.5 125.5 171 431 39 102 94.5 60 29.5
"Dij" 239 0 147 197.5 115.5 221 234.5 2443.5 141 68.5 NA 314 38.5 80.5 92.5 42 27.5
"Arne" 244.5 147 0 194.5 113.5 233 249.5 2430 151.5 81 133 266 40.5 75 36 53.5 25.5
"Nev" 287.5 197.5 194.5 0 107.5 298 305.5 2592 204.5 107 128.5 380.5 42 73.5 95.5 43.5 24
"NIt" 139.5 115.5 113.5 107.5 0 147 133.5 1920 38.5 44 NA 197 NA NA NA NA 45
"Gai" 315 221 233 298 147 0 302 2524 184 124.5 126.5 425 51.5 79.5 77.5 50 41.5
"MCa" 338 234.5 249.5 305.5 133.5 302 0 2445 220.5 147 130 413.5 35.5 81.5 130 63.5 35
"Rome3" 2587.5 2443.5 2430 2592 1920 2524 2445 0 726.5 1955.5 68.5 1680.5 109 179.5 447.5 231 110
"Ger1" 198.5 141 151.5 204.5 38.5 184 220.5 726.5 0 96 129 231.5 32 91 85 63 29.5
"Sens" 125.5 68.5 81 107 44 124.5 147 1955.5 96 0 133.5 399 NA NA 49 NA NA
"Rome2" 171 NA 133 128.5 NA 126.5 130 68.5 129 133.5 0 102.5 NA NA NA NA NA
"VimA" 431 314 266 380.5 197 425 413.5 1680.5 231.5 399 102.5 0 NA NA 141 NA NA
"Ger2" 39 38.5 40.5 42 NA 51.5 35.5 109 32 NA NA NA 0 91 NA NA NA
"VimC" 102 80.5 75 73.5 NA 79.5 81.5 179.5 91 NA NA NA 91 0 NA NA NA
"Che" 94.5 92.5 36 95.5 NA 77.5 130 447.5 85 49 NA 141 NA NA 0 59 NA
"Rou" 60 42 53.5 43.5 NA 50 63.5 231 63 NA NA NA NA NA 59 0 NA
"Aux" 29.5 27.5 25.5 24 45 41.5 35 110 29.5 NA NA NA NA NA NA NA 0
