{
 "cells": [
  {
   "cell_type": "markdown",
   "metadata": {},
   "source": [
    "Script that writes distance matrices to each distance directory.\n",
    "Each distance matrix is normalized within its distinct distance metric."
   ]
  },
  {
   "cell_type": "code",
   "execution_count": 7,
   "metadata": {
    "collapsed": true
   },
   "outputs": [],
   "source": [
    "source(\"Distance_Functions.r\")"
   ]
  },
  {
   "cell_type": "code",
   "execution_count": 4,
   "metadata": {
    "collapsed": false
   },
   "outputs": [],
   "source": [
    "dist_funcs = c(mseMatrix, euclidMatrix, pearsonMatrix, adistMatrix, manMatrix, canMatrix)\n",
    "dist_funcs_name = c(\"mse\", \"euclid\", \"pearson\", \"adist\", \"manhattan\", \"canberra\")"
   ]
  },
  {
   "cell_type": "code",
   "execution_count": 5,
   "metadata": {
    "collapsed": false
   },
   "outputs": [],
   "source": [
    "for (i in dist_funcs_name) {\n",
    "    dir.create(paste(i, \"_distance\", sep=\"\"))\n",
    "}"
   ]
  },
  {
   "cell_type": "code",
   "execution_count": null,
   "metadata": {
    "collapsed": true
   },
   "outputs": [],
   "source": []
  },
  {
   "cell_type": "code",
   "execution_count": 6,
   "metadata": {
    "collapsed": true
   },
   "outputs": [],
   "source": [
    "for (chants in dir(\"./Chants\")){\n",
    "    if (!(chants == 'README.md')){ \n",
    "        dist = 1\n",
    "    \n",
    "        #print(chants)\n",
    "        curr_chant = read.csv(file=paste(\"./Chants/\",chants, sep=\"\" ), header=TRUE, sep=',')\n",
    "    \n",
    "        for (func in dist_funcs){\n",
    "        \n",
    "            write.table(func(curr_chant), file=paste(paste(dist_funcs_name[dist], \"_distance\", sep=\"\"), \n",
    "                                                 paste(\"/\", dist_funcs_name[dist], \"_\", chants, sep=\"\"), sep=\"\"))\n",
    "            dist = dist + 1\n",
    "        }\n",
    "        dist = 1\n",
    "    }\n",
    "}"
   ]
  },
  {
   "cell_type": "code",
   "execution_count": 13,
   "metadata": {
    "collapsed": false
   },
   "outputs": [],
   "source": [
    "normalize_frame <- function(directory){\n",
    "    folder = dir(paste(\"./\", directory, \"_distance\", sep=\"\"), pattern = \".csv\")\n",
    "    largest = -1000\n",
    "    smallest = 1000\n",
    "    \n",
    "    frame_list = list()\n",
    "    \n",
    "    for (i in folder){\n",
    "        currframe = read.table(paste(\"./\", directory, \"_distance/\", i, sep=\"\"), header=TRUE)\n",
    "            \n",
    "        if (largest < max(currframe)){\n",
    "            largest = max(currframe)\n",
    "        }\n",
    "        if (smallest > min(currframe)){\n",
    "            smallest = min(currframe)\n",
    "        }\n",
    "    }\n",
    "    for (j in folder){\n",
    "        currframe = read.table(paste(\"./\", directory, \"_distance/\", j, sep=\"\"), header=TRUE)\n",
    "        currframe = (currframe - smallest) / (largest - smallest)\n",
    "        write.table(currframe, file=paste(paste(directory, \"_distance\", sep=\"\"), paste(\"/\", j, sep=\"\"), sep=\"\"))\n",
    "    }\n",
    "    largest = -1000\n",
    "    smallest = 1000\n",
    "}"
   ]
  },
  {
   "cell_type": "code",
   "execution_count": 14,
   "metadata": {
    "collapsed": false
   },
   "outputs": [],
   "source": [
    "for (i in dist_funcs_name){\n",
    "    normalize_frame(i)\n",
    "}"
   ]
  },
  {
   "cell_type": "code",
   "execution_count": 8,
   "metadata": {
    "collapsed": false
   },
   "outputs": [
    {
     "data": {
      "text/html": [
       "<table>\n",
       "<thead><tr><th></th><th scope=col>Aqu</th><th scope=col>Ger1</th><th scope=col>Dij</th><th scope=col>Arne</th><th scope=col>Nev</th><th scope=col>Che</th><th scope=col>Gai</th><th scope=col>MCa</th><th scope=col>Rou</th><th scope=col>Rome3</th></tr></thead>\n",
       "<tbody>\n",
       "\t<tr><th scope=row>Aqu</th><td>0.0000000</td><td>0.8429752</td><td>0.8347107</td><td>0.7933884</td><td>0.8925620</td><td>0.8099174</td><td>0.9008264</td><td>1.305785 </td><td>0.9917355</td><td>3.644628 </td></tr>\n",
       "\t<tr><th scope=row>Ger1</th><td>0.8429752</td><td>0.0000000</td><td>0.7107438</td><td>0.8677686</td><td>0.9421488</td><td>0.6694215</td><td>0.5785124</td><td>1.297521 </td><td>1.0413223</td><td>4.074380 </td></tr>\n",
       "\t<tr><th scope=row>Dij</th><td>0.8347107</td><td>0.7107438</td><td>0.0000000</td><td>0.6446281</td><td>0.6446281</td><td>0.5950413</td><td>0.5206612</td><td>1.165289 </td><td>0.6942149</td><td>3.983471 </td></tr>\n",
       "\t<tr><th scope=row>Arne</th><td>0.7933884</td><td>0.8677686</td><td>0.6446281</td><td>0.0000000</td><td>0.6776860</td><td>0.5950413</td><td>0.7272727</td><td>1.115702 </td><td>0.8842975</td><td>4.396694 </td></tr>\n",
       "\t<tr><th scope=row>Nev</th><td>0.8925620</td><td>0.9421488</td><td>0.6446281</td><td>0.6776860</td><td>0.0000000</td><td>0.7520661</td><td>0.7933884</td><td>1.239669 </td><td>0.7190083</td><td>4.223140 </td></tr>\n",
       "\t<tr><th scope=row>Che</th><td>0.8099174</td><td>0.6694215</td><td>0.5950413</td><td>0.5950413</td><td>0.7520661</td><td>0.0000000</td><td>0.5454545</td><td>1.190083 </td><td>0.9752066</td><td>4.396694 </td></tr>\n",
       "\t<tr><th scope=row>Gai</th><td>0.9008264</td><td>0.5785124</td><td>0.5206612</td><td>0.7272727</td><td>0.7933884</td><td>0.5454545</td><td>0.0000000</td><td>1.231405 </td><td>0.8264463</td><td>4.206612 </td></tr>\n",
       "\t<tr><th scope=row>MCa</th><td>1.3057851</td><td>1.2975207</td><td>1.1652893</td><td>1.1157025</td><td>1.2396694</td><td>1.1900826</td><td>1.2314050</td><td>0.000000 </td><td>1.0495868</td><td>3.520661 </td></tr>\n",
       "\t<tr><th scope=row>Rou</th><td>0.9917355</td><td>1.0413223</td><td>0.6942149</td><td>0.8842975</td><td>0.7190083</td><td>0.9752066</td><td>0.8264463</td><td>1.049587 </td><td>0.0000000</td><td>3.818182 </td></tr>\n",
       "\t<tr><th scope=row>Rome3</th><td>3.6446281</td><td>4.0743802</td><td>3.9834711</td><td>4.3966942</td><td>4.2231405</td><td>4.3966942</td><td>4.2066116</td><td>3.520661 </td><td>3.8181818</td><td>0.000000 </td></tr>\n",
       "</tbody>\n",
       "</table>\n"
      ],
      "text/latex": [
       "\\begin{tabular}{r|llllllllll}\n",
       "  & Aqu & Ger1 & Dij & Arne & Nev & Che & Gai & MCa & Rou & Rome3\\\\\n",
       "\\hline\n",
       "\tAqu & 0.0000000 & 0.8429752 & 0.8347107 & 0.7933884 & 0.8925620 & 0.8099174 & 0.9008264 & 1.305785  & 0.9917355 & 3.644628 \\\\\n",
       "\tGer1 & 0.8429752 & 0.0000000 & 0.7107438 & 0.8677686 & 0.9421488 & 0.6694215 & 0.5785124 & 1.297521  & 1.0413223 & 4.074380 \\\\\n",
       "\tDij & 0.8347107 & 0.7107438 & 0.0000000 & 0.6446281 & 0.6446281 & 0.5950413 & 0.5206612 & 1.165289  & 0.6942149 & 3.983471 \\\\\n",
       "\tArne & 0.7933884 & 0.8677686 & 0.6446281 & 0.0000000 & 0.6776860 & 0.5950413 & 0.7272727 & 1.115702  & 0.8842975 & 4.396694 \\\\\n",
       "\tNev & 0.8925620 & 0.9421488 & 0.6446281 & 0.6776860 & 0.0000000 & 0.7520661 & 0.7933884 & 1.239669  & 0.7190083 & 4.223140 \\\\\n",
       "\tChe & 0.8099174 & 0.6694215 & 0.5950413 & 0.5950413 & 0.7520661 & 0.0000000 & 0.5454545 & 1.190083  & 0.9752066 & 4.396694 \\\\\n",
       "\tGai & 0.9008264 & 0.5785124 & 0.5206612 & 0.7272727 & 0.7933884 & 0.5454545 & 0.0000000 & 1.231405  & 0.8264463 & 4.206612 \\\\\n",
       "\tMCa & 1.3057851 & 1.2975207 & 1.1652893 & 1.1157025 & 1.2396694 & 1.1900826 & 1.2314050 & 0.000000  & 1.0495868 & 3.520661 \\\\\n",
       "\tRou & 0.9917355 & 1.0413223 & 0.6942149 & 0.8842975 & 0.7190083 & 0.9752066 & 0.8264463 & 1.049587  & 0.0000000 & 3.818182 \\\\\n",
       "\tRome3 & 3.6446281 & 4.0743802 & 3.9834711 & 4.3966942 & 4.2231405 & 4.3966942 & 4.2066116 & 3.520661  & 3.8181818 & 0.000000 \\\\\n",
       "\\end{tabular}\n"
      ],
      "text/markdown": [
       "\n",
       "| <!--/--> | Aqu | Ger1 | Dij | Arne | Nev | Che | Gai | MCa | Rou | Rome3 | \n",
       "|---|---|---|---|---|---|---|---|---|---|\n",
       "| Aqu | 0.0000000 | 0.8429752 | 0.8347107 | 0.7933884 | 0.8925620 | 0.8099174 | 0.9008264 | 1.305785  | 0.9917355 | 3.644628  | \n",
       "| Ger1 | 0.8429752 | 0.0000000 | 0.7107438 | 0.8677686 | 0.9421488 | 0.6694215 | 0.5785124 | 1.297521  | 1.0413223 | 4.074380  | \n",
       "| Dij | 0.8347107 | 0.7107438 | 0.0000000 | 0.6446281 | 0.6446281 | 0.5950413 | 0.5206612 | 1.165289  | 0.6942149 | 3.983471  | \n",
       "| Arne | 0.7933884 | 0.8677686 | 0.6446281 | 0.0000000 | 0.6776860 | 0.5950413 | 0.7272727 | 1.115702  | 0.8842975 | 4.396694  | \n",
       "| Nev | 0.8925620 | 0.9421488 | 0.6446281 | 0.6776860 | 0.0000000 | 0.7520661 | 0.7933884 | 1.239669  | 0.7190083 | 4.223140  | \n",
       "| Che | 0.8099174 | 0.6694215 | 0.5950413 | 0.5950413 | 0.7520661 | 0.0000000 | 0.5454545 | 1.190083  | 0.9752066 | 4.396694  | \n",
       "| Gai | 0.9008264 | 0.5785124 | 0.5206612 | 0.7272727 | 0.7933884 | 0.5454545 | 0.0000000 | 1.231405  | 0.8264463 | 4.206612  | \n",
       "| MCa | 1.3057851 | 1.2975207 | 1.1652893 | 1.1157025 | 1.2396694 | 1.1900826 | 1.2314050 | 0.000000  | 1.0495868 | 3.520661  | \n",
       "| Rou | 0.9917355 | 1.0413223 | 0.6942149 | 0.8842975 | 0.7190083 | 0.9752066 | 0.8264463 | 1.049587  | 0.0000000 | 3.818182  | \n",
       "| Rome3 | 3.6446281 | 4.0743802 | 3.9834711 | 4.3966942 | 4.2231405 | 4.3966942 | 4.2066116 | 3.520661  | 3.8181818 | 0.000000  | \n",
       "\n",
       "\n"
      ],
      "text/plain": [
       "      Aqu       Ger1      Dij       Arne      Nev       Che       Gai      \n",
       "Aqu   0.0000000 0.8429752 0.8347107 0.7933884 0.8925620 0.8099174 0.9008264\n",
       "Ger1  0.8429752 0.0000000 0.7107438 0.8677686 0.9421488 0.6694215 0.5785124\n",
       "Dij   0.8347107 0.7107438 0.0000000 0.6446281 0.6446281 0.5950413 0.5206612\n",
       "Arne  0.7933884 0.8677686 0.6446281 0.0000000 0.6776860 0.5950413 0.7272727\n",
       "Nev   0.8925620 0.9421488 0.6446281 0.6776860 0.0000000 0.7520661 0.7933884\n",
       "Che   0.8099174 0.6694215 0.5950413 0.5950413 0.7520661 0.0000000 0.5454545\n",
       "Gai   0.9008264 0.5785124 0.5206612 0.7272727 0.7933884 0.5454545 0.0000000\n",
       "MCa   1.3057851 1.2975207 1.1652893 1.1157025 1.2396694 1.1900826 1.2314050\n",
       "Rou   0.9917355 1.0413223 0.6942149 0.8842975 0.7190083 0.9752066 0.8264463\n",
       "Rome3 3.6446281 4.0743802 3.9834711 4.3966942 4.2231405 4.3966942 4.2066116\n",
       "      MCa      Rou       Rome3   \n",
       "Aqu   1.305785 0.9917355 3.644628\n",
       "Ger1  1.297521 1.0413223 4.074380\n",
       "Dij   1.165289 0.6942149 3.983471\n",
       "Arne  1.115702 0.8842975 4.396694\n",
       "Nev   1.239669 0.7190083 4.223140\n",
       "Che   1.190083 0.9752066 4.396694\n",
       "Gai   1.231405 0.8264463 4.206612\n",
       "MCa   0.000000 1.0495868 3.520661\n",
       "Rou   1.049587 0.0000000 3.818182\n",
       "Rome3 3.520661 3.8181818 0.000000"
      ]
     },
     "metadata": {},
     "output_type": "display_data"
    }
   ],
   "source": [
    "mseMatrix(read.table(\"./Chants/lexDomini.csv\", header =TRUE, sep=\",\"))"
   ]
  },
  {
   "cell_type": "code",
   "execution_count": null,
   "metadata": {
    "collapsed": true
   },
   "outputs": [],
   "source": [
    "0.8429752"
   ]
  },
  {
   "cell_type": "code",
   "execution_count": 2,
   "metadata": {
    "collapsed": false
   },
   "outputs": [
    {
     "data": {
      "text/html": [
       "<table>\n",
       "<thead><tr><th></th><th scope=col>Aqu</th><th scope=col>Ger1</th><th scope=col>Dij</th><th scope=col>Arne</th><th scope=col>Nev</th><th scope=col>Che</th><th scope=col>Gai</th><th scope=col>MCa</th><th scope=col>Rou</th><th scope=col>Rome3</th></tr></thead>\n",
       "<tbody>\n",
       "\t<tr><th scope=row>Aqu</th><td>0.0000000</td><td>0.1917293</td><td>0.1898496</td><td>0.1804511</td><td>0.2030075</td><td>0.1842105</td><td>0.2048872</td><td>0.2969925</td><td>0.2255639</td><td>0.8289474</td></tr>\n",
       "\t<tr><th scope=row>Ger1</th><td>0.1917293</td><td>0.0000000</td><td>0.1616541</td><td>0.1973684</td><td>0.2142857</td><td>0.1522556</td><td>0.1315789</td><td>0.2951128</td><td>0.2368421</td><td>0.9266917</td></tr>\n",
       "\t<tr><th scope=row>Dij</th><td>0.1898496</td><td>0.1616541</td><td>0.0000000</td><td>0.1466165</td><td>0.1466165</td><td>0.1353383</td><td>0.1184211</td><td>0.2650376</td><td>0.1578947</td><td>0.9060150</td></tr>\n",
       "\t<tr><th scope=row>Arne</th><td>0.1804511</td><td>0.1973684</td><td>0.1466165</td><td>0.0000000</td><td>0.1541353</td><td>0.1353383</td><td>0.1654135</td><td>0.2537594</td><td>0.2011278</td><td>1.0000000</td></tr>\n",
       "\t<tr><th scope=row>Nev</th><td>0.2030075</td><td>0.2142857</td><td>0.1466165</td><td>0.1541353</td><td>0.0000000</td><td>0.1710526</td><td>0.1804511</td><td>0.2819549</td><td>0.1635338</td><td>0.9605263</td></tr>\n",
       "\t<tr><th scope=row>Che</th><td>0.1842105</td><td>0.1522556</td><td>0.1353383</td><td>0.1353383</td><td>0.1710526</td><td>0.0000000</td><td>0.1240602</td><td>0.2706767</td><td>0.2218045</td><td>1.0000000</td></tr>\n",
       "\t<tr><th scope=row>Gai</th><td>0.2048872</td><td>0.1315789</td><td>0.1184211</td><td>0.1654135</td><td>0.1804511</td><td>0.1240602</td><td>0.0000000</td><td>0.2800752</td><td>0.1879699</td><td>0.9567669</td></tr>\n",
       "\t<tr><th scope=row>MCa</th><td>0.2969925</td><td>0.2951128</td><td>0.2650376</td><td>0.2537594</td><td>0.2819549</td><td>0.2706767</td><td>0.2800752</td><td>0.0000000</td><td>0.2387218</td><td>0.8007519</td></tr>\n",
       "\t<tr><th scope=row>Rou</th><td>0.2255639</td><td>0.2368421</td><td>0.1578947</td><td>0.2011278</td><td>0.1635338</td><td>0.2218045</td><td>0.1879699</td><td>0.2387218</td><td>0.0000000</td><td>0.8684211</td></tr>\n",
       "\t<tr><th scope=row>Rome3</th><td>0.8289474</td><td>0.9266917</td><td>0.9060150</td><td>1.0000000</td><td>0.9605263</td><td>1.0000000</td><td>0.9567669</td><td>0.8007519</td><td>0.8684211</td><td>0.0000000</td></tr>\n",
       "</tbody>\n",
       "</table>\n"
      ],
      "text/latex": [
       "\\begin{tabular}{r|llllllllll}\n",
       "  & Aqu & Ger1 & Dij & Arne & Nev & Che & Gai & MCa & Rou & Rome3\\\\\n",
       "\\hline\n",
       "\tAqu & 0.0000000 & 0.1917293 & 0.1898496 & 0.1804511 & 0.2030075 & 0.1842105 & 0.2048872 & 0.2969925 & 0.2255639 & 0.8289474\\\\\n",
       "\tGer1 & 0.1917293 & 0.0000000 & 0.1616541 & 0.1973684 & 0.2142857 & 0.1522556 & 0.1315789 & 0.2951128 & 0.2368421 & 0.9266917\\\\\n",
       "\tDij & 0.1898496 & 0.1616541 & 0.0000000 & 0.1466165 & 0.1466165 & 0.1353383 & 0.1184211 & 0.2650376 & 0.1578947 & 0.9060150\\\\\n",
       "\tArne & 0.1804511 & 0.1973684 & 0.1466165 & 0.0000000 & 0.1541353 & 0.1353383 & 0.1654135 & 0.2537594 & 0.2011278 & 1.0000000\\\\\n",
       "\tNev & 0.2030075 & 0.2142857 & 0.1466165 & 0.1541353 & 0.0000000 & 0.1710526 & 0.1804511 & 0.2819549 & 0.1635338 & 0.9605263\\\\\n",
       "\tChe & 0.1842105 & 0.1522556 & 0.1353383 & 0.1353383 & 0.1710526 & 0.0000000 & 0.1240602 & 0.2706767 & 0.2218045 & 1.0000000\\\\\n",
       "\tGai & 0.2048872 & 0.1315789 & 0.1184211 & 0.1654135 & 0.1804511 & 0.1240602 & 0.0000000 & 0.2800752 & 0.1879699 & 0.9567669\\\\\n",
       "\tMCa & 0.2969925 & 0.2951128 & 0.2650376 & 0.2537594 & 0.2819549 & 0.2706767 & 0.2800752 & 0.0000000 & 0.2387218 & 0.8007519\\\\\n",
       "\tRou & 0.2255639 & 0.2368421 & 0.1578947 & 0.2011278 & 0.1635338 & 0.2218045 & 0.1879699 & 0.2387218 & 0.0000000 & 0.8684211\\\\\n",
       "\tRome3 & 0.8289474 & 0.9266917 & 0.9060150 & 1.0000000 & 0.9605263 & 1.0000000 & 0.9567669 & 0.8007519 & 0.8684211 & 0.0000000\\\\\n",
       "\\end{tabular}\n"
      ],
      "text/markdown": [
       "\n",
       "| <!--/--> | Aqu | Ger1 | Dij | Arne | Nev | Che | Gai | MCa | Rou | Rome3 | \n",
       "|---|---|---|---|---|---|---|---|---|---|\n",
       "| Aqu | 0.0000000 | 0.1917293 | 0.1898496 | 0.1804511 | 0.2030075 | 0.1842105 | 0.2048872 | 0.2969925 | 0.2255639 | 0.8289474 | \n",
       "| Ger1 | 0.1917293 | 0.0000000 | 0.1616541 | 0.1973684 | 0.2142857 | 0.1522556 | 0.1315789 | 0.2951128 | 0.2368421 | 0.9266917 | \n",
       "| Dij | 0.1898496 | 0.1616541 | 0.0000000 | 0.1466165 | 0.1466165 | 0.1353383 | 0.1184211 | 0.2650376 | 0.1578947 | 0.9060150 | \n",
       "| Arne | 0.1804511 | 0.1973684 | 0.1466165 | 0.0000000 | 0.1541353 | 0.1353383 | 0.1654135 | 0.2537594 | 0.2011278 | 1.0000000 | \n",
       "| Nev | 0.2030075 | 0.2142857 | 0.1466165 | 0.1541353 | 0.0000000 | 0.1710526 | 0.1804511 | 0.2819549 | 0.1635338 | 0.9605263 | \n",
       "| Che | 0.1842105 | 0.1522556 | 0.1353383 | 0.1353383 | 0.1710526 | 0.0000000 | 0.1240602 | 0.2706767 | 0.2218045 | 1.0000000 | \n",
       "| Gai | 0.2048872 | 0.1315789 | 0.1184211 | 0.1654135 | 0.1804511 | 0.1240602 | 0.0000000 | 0.2800752 | 0.1879699 | 0.9567669 | \n",
       "| MCa | 0.2969925 | 0.2951128 | 0.2650376 | 0.2537594 | 0.2819549 | 0.2706767 | 0.2800752 | 0.0000000 | 0.2387218 | 0.8007519 | \n",
       "| Rou | 0.2255639 | 0.2368421 | 0.1578947 | 0.2011278 | 0.1635338 | 0.2218045 | 0.1879699 | 0.2387218 | 0.0000000 | 0.8684211 | \n",
       "| Rome3 | 0.8289474 | 0.9266917 | 0.9060150 | 1.0000000 | 0.9605263 | 1.0000000 | 0.9567669 | 0.8007519 | 0.8684211 | 0.0000000 | \n",
       "\n",
       "\n"
      ],
      "text/plain": [
       "      Aqu       Ger1      Dij       Arne      Nev       Che       Gai      \n",
       "Aqu   0.0000000 0.1917293 0.1898496 0.1804511 0.2030075 0.1842105 0.2048872\n",
       "Ger1  0.1917293 0.0000000 0.1616541 0.1973684 0.2142857 0.1522556 0.1315789\n",
       "Dij   0.1898496 0.1616541 0.0000000 0.1466165 0.1466165 0.1353383 0.1184211\n",
       "Arne  0.1804511 0.1973684 0.1466165 0.0000000 0.1541353 0.1353383 0.1654135\n",
       "Nev   0.2030075 0.2142857 0.1466165 0.1541353 0.0000000 0.1710526 0.1804511\n",
       "Che   0.1842105 0.1522556 0.1353383 0.1353383 0.1710526 0.0000000 0.1240602\n",
       "Gai   0.2048872 0.1315789 0.1184211 0.1654135 0.1804511 0.1240602 0.0000000\n",
       "MCa   0.2969925 0.2951128 0.2650376 0.2537594 0.2819549 0.2706767 0.2800752\n",
       "Rou   0.2255639 0.2368421 0.1578947 0.2011278 0.1635338 0.2218045 0.1879699\n",
       "Rome3 0.8289474 0.9266917 0.9060150 1.0000000 0.9605263 1.0000000 0.9567669\n",
       "      MCa       Rou       Rome3    \n",
       "Aqu   0.2969925 0.2255639 0.8289474\n",
       "Ger1  0.2951128 0.2368421 0.9266917\n",
       "Dij   0.2650376 0.1578947 0.9060150\n",
       "Arne  0.2537594 0.2011278 1.0000000\n",
       "Nev   0.2819549 0.1635338 0.9605263\n",
       "Che   0.2706767 0.2218045 1.0000000\n",
       "Gai   0.2800752 0.1879699 0.9567669\n",
       "MCa   0.0000000 0.2387218 0.8007519\n",
       "Rou   0.2387218 0.0000000 0.8684211\n",
       "Rome3 0.8007519 0.8684211 0.0000000"
      ]
     },
     "metadata": {},
     "output_type": "display_data"
    }
   ],
   "source": [
    "read.table(\"./mse_distance/mse_lexDomini.csv\")"
   ]
  },
  {
   "cell_type": "code",
   "execution_count": null,
   "metadata": {
    "collapsed": true
   },
   "outputs": [],
   "source": []
  }
 ],
 "metadata": {
  "kernelspec": {
   "display_name": "R",
   "language": "R",
   "name": "ir"
  },
  "language_info": {
   "codemirror_mode": "r",
   "file_extension": ".r",
   "mimetype": "text/x-r-source",
   "name": "R",
   "pygments_lexer": "r",
   "version": "3.4.2"
  }
 },
 "nbformat": 4,
 "nbformat_minor": 2
}
