"Aqu" "Dij" "Arne" "Nev" "NIt" "Gai" "MCa" "Rome3" "Ger1" "Sens" "Rome2" "VimA" "Ger2" "VimC" "Che" "Rou" "Aux"
"Aqu" 0 126 101 132 80 156 164 436 59 52 52 162 8 53 34 25 28
"Dij" 126 0 59 75 56 86 93 393 63 20 NA 127 12 51 21 16 20
"Arne" 101 59 0 73 50 92 121 383 51 19 50 115 13 51 7 13 18
"Nev" 132 75 73 0 51 114 128 436 74 30 53 151 10 48 22 15 9
"NIt" 80 56 50 51 0 85 88 221 26 14 NA 79 NA NA NA NA 24
"Gai" 156 86 92 114 85 0 95 453 70 44 50 157 12 48 19 11 25
"MCa" 164 93 121 128 88 95 0 444 87 46 50 154 20 50 27 15 20
"Rome3" 436 393 383 436 221 453 444 0 273 226 13 245 56 57 111 50 64
"Ger1" 59 63 51 74 26 70 87 273 0 27 50 79 3 49 22 18 23
"Sens" 52 20 19 30 14 44 46 226 27 0 52 153 NA NA 11 NA NA
"Rome2" 52 NA 50 53 NA 50 50 13 50 52 0 70 NA NA NA NA NA
"VimA" 162 127 115 151 79 157 154 245 79 153 70 0 NA NA 44 NA NA
"Ger2" 8 12 13 10 NA 12 20 56 3 NA NA NA 0 48 NA NA NA
"VimC" 53 51 51 48 NA 48 50 57 49 NA NA NA 48 0 NA NA NA
"Che" 34 21 7 22 NA 19 27 111 22 11 NA 44 NA NA 0 17 NA
"Rou" 25 16 13 15 NA 11 15 50 18 NA NA NA NA NA 17 0 NA
"Aux" 28 20 18 9 24 25 20 64 23 NA NA NA NA NA NA NA 0
