"Aqu" "Dij" "Arne" "Nev" "NIt" "Gai" "MCa" "Rome3"
"Aqu" 0 0.0193998181267051 0.0166717187026372 0.0193998181267051 0.0230372840254623 0.0248560169748409 0.0254622612913004 0.122764474083055
"Dij" 0.0193998181267051 0 0.0151561079114883 0.0175810851773265 0.0206123067596241 0.0275841163989088 0.022127917550773 0.137617459836314
"Arne" 0.0166717187026372 0.0151561079114883 0 0.0166717187026372 0.0230372840254623 0.0269778720824492 0.027280994240679 0.129130039405881
"Nev" 0.0193998181267051 0.0175810851773265 0.0166717187026372 0 0.0178842073355562 0.0318278266141255 0.027280994240679 0.138223704152774
"NIt" 0.0230372840254623 0.0206123067596241 0.0230372840254623 0.0178842073355562 0 0.0306153379812064 0.0300090936647469 0.134586238254016
"Gai" 0.0248560169748409 0.0275841163989088 0.0269778720824492 0.0318278266141255 0.0306153379812064 0 0.0227341618672325 0.119127008184298
"MCa" 0.0254622612913004 0.022127917550773 0.027280994240679 0.027280994240679 0.0300090936647469 0.0227341618672325 0 0.124583207032434
"Rome3" 0.122764474083055 0.137617459836314 0.129130039405881 0.138223704152774 0.134586238254016 0.119127008184298 0.124583207032434 0
