"Aqu" "Dij" "Arne" "Nev" "NIt" "Gai" "MCa" "Rome3" "Ger1" "Sens" "Rome2" "VimA" "Ger2" "VimC" "Che" "Rou" "Aux"
"Aqu" 0 516.071342383107 506.621342383107 587.199417249417 277.916083916084 586.416083916084 592.269155354449 729.271858018143 387.047435897436 291.597435897436 88.5833333333333 355.896556058321 95.3833333333333 117.567043740573 140.563157894737 72.1833333333333 66.3353146853147
"Dij" 516.071342383107 0 404.15 476.19898989899 260.721212121212 475.115506715507 480.530266465561 638.070768584701 309.761111111111 198.983333333333 NA 263.376897938663 94.6777777777778 117.58371040724 134.579824561404 67.6474358974359 63.8045454545455
"Arne" 506.621342383107 404.15 0 474.09898989899 258.204545454545 476.815506715507 490.513599798894 631.276270135094 300.694444444444 204.666666666667 87.0666666666667 269.761538461538 93.1111111111111 113.717043740573 59.15 62.1974358974359 57.7545454545455
"Nev" 587.199417249417 476.19898989899 474.09898989899 0 254.583333333333 550.071062271062 557.385822021116 715.934066724469 381.604545454545 276.566666666667 87.9166666666667 351.50467571644 93.95 113.667043740573 130.29649122807 64.8141025641026 54.5666666666667
"NIt" 277.916083916084 260.721212121212 258.204545454545 254.583333333333 0 262.811538461538 261.166666666667 351.382912838795 67.8545454545455 131.666666666667 NA 176.494871794872 NA NA NA NA 59.75
"Gai" 586.416083916084 475.115506715507 476.815506715507 550.071062271062 262.811538461538 0 538.506884292178 720.381881328166 379.847435897436 275.45695970696 85.9166666666667 347.832453494218 94.4166666666667 113.567043740573 132.013157894737 63.7807692307692 62.5160839160839
"MCa" 592.269155354449 480.530266465561 490.513599798894 557.385822021116 261.166666666667 538.506884292178 0 716.891212193379 393.190950226244 276.166666666667 86.6666666666667 348.05467571644 102.076470588235 116.88371040724 133.755842660951 66.8448717948718 58.4853146853147
"Rome3" 729.271858018143 638.070768584701 631.276270135094 715.934066724469 351.382912838795 720.381881328166 716.891212193379 0 482.826124666527 344.028725333834 52.9166666666667 352.099770628408 111.040573152338 117.897682709447 172.512811973029 84.8938616938617 98.7801864801865
"Ger1" 387.047435897436 309.761111111111 300.694444444444 381.604545454545 67.8545454545455 379.847435897436 393.190950226244 482.826124666527 0 155.316666666667 88.1666666666667 179.709803921569 95 118.817043740573 139.563157894737 70.1807692307692 69.5712121212121
"Sens" 291.597435897436 198.983333333333 204.666666666667 276.566666666667 131.666666666667 275.45695970696 276.166666666667 344.028725333834 155.316666666667 0 87.0833333333333 353.393564605329 NA NA 72.7631578947368 NA NA
"Rome2" 88.5833333333333 NA 87.0666666666667 87.9166666666667 NA 85.9166666666667 86.6666666666667 52.9166666666667 88.1666666666667 87.0833333333333 0 91.9166666666667 NA NA NA NA NA
"VimA" 355.896556058321 263.376897938663 269.761538461538 351.50467571644 176.494871794872 347.832453494218 348.05467571644 352.099770628408 179.709803921569 353.393564605329 91.9166666666667 0 NA NA 86.493137254902 NA NA
"Ger2" 95.3833333333333 94.6777777777778 93.1111111111111 93.95 NA 94.4166666666667 102.076470588235 111.040573152338 95 NA NA NA 0 118.817043740573 NA NA NA
"VimC" 117.567043740573 117.58371040724 113.717043740573 113.667043740573 NA 113.567043740573 116.88371040724 117.897682709447 118.817043740573 NA NA NA 118.817043740573 0 NA NA NA
"Che" 140.563157894737 134.579824561404 59.15 130.29649122807 NA 132.013157894737 133.755842660951 172.512811973029 139.563157894737 72.7631578947368 NA 86.493137254902 NA NA 0 65.2807692307692 NA
"Rou" 72.1833333333333 67.6474358974359 62.1974358974359 64.8141025641026 NA 63.7807692307692 66.8448717948718 84.8938616938617 70.1807692307692 NA NA NA NA NA 65.2807692307692 0 NA
"Aux" 66.3353146853147 63.8045454545455 57.7545454545455 54.5666666666667 59.75 62.5160839160839 58.4853146853147 98.7801864801865 69.5712121212121 NA NA NA NA NA NA NA 0
