"Aqu" "Dij" "Arne" "Nev" "NIt" "Gai" "MCa" "Rome3"
"Aqu" 0 0.585494003861598 0.58282884188906 0.578620691406107 0.596014380068982 0.591806229586028 0.593910304827505 0.725782362281309
"Dij" 0.585494003861598 0 0.541308423790586 0.520267671375819 0.544955487542479 0.524195278493241 0.530226960852142 0.700533459383588
"Arne" 0.58282884188906 0.541308423790586 0 0.538643261818049 0.560245100963877 0.556036950480923 0.566557326688307 0.717366061315402
"Nev" 0.578620691406107 0.520267671375819 0.538643261818049 0 0.539204348549109 0.546779019418426 0.553932875239447 0.70937057539779
"NIt" 0.596014380068982 0.544955487542479 0.560245100963877 0.539204348549109 0 0.569222488660844 0.578620691406107 0.698990470873172
"Gai" 0.591806229586028 0.524195278493241 0.556036950480923 0.546779019418426 0.569222488660844 0 0.469489322214846 0.696083021448585
"MCa" 0.593910304827505 0.530226960852142 0.566557326688307 0.553932875239447 0.578620691406107 0.469489322214846 0 0.713319762774101
"Rome3" 0.725782362281309 0.700533459383588 0.717366061315402 0.70937057539779 0.698990470873172 0.696083021448585 0.713319762774101 0
