"Aqu" "Dij" "Arne" "Nev" "NIt" "Gai" "MCa" "Rome3" "Ger1" "Sens" "Rome2" "VimA" "Ger2" "VimC" "Che" "Rou" "Aux"
"Aqu" 0 3.87061969857853 4.03836055420361 4.91749382491355 2.21654761904762 5.35872360982221 5.68713885623577 36.31910491901 3.28369574349611 1.98294272597276 3.14563106796116 6.90085848322922 0.622641509433962 1.66037735849057 1.54635146389903 0.991735537190083 0.671875
"Dij" 3.87061969857853 0 2.38010990510347 3.51282300068981 1.8156746031746 3.6637209611717 4.06766326544077 33.7753096653453 2.38172294089525 1.05467700258398 NA 5.13395348837209 0.628930817610063 1.38993710691824 1.5020180665001 0.694214876033058 0.583333333333333
"Arne" 4.03836055420361 2.38010990510347 0 3.43927832226457 1.82550595238095 3.88030541393841 4.25777560672132 33.1353075485438 2.51171189204322 1.29600862998921 2.40776699029126 4.60323624595469 0.654088050314465 1.32075471698113 0.59504132231405 0.884297520661157 0.5625
"Nev" 4.91749382491355 3.51282300068981 3.43927832226457 0 1.69233134920635 4.9927685102437 5.19252294884963 36.2540355438279 3.51644793611028 1.82164120318105 2.32038834951456 6.35340006522666 0.647798742138365 1.30188679245283 1.55826766609008 0.71900826446281 0.369791666666667
"NIt" 2.21654761904762 1.8156746031746 1.82550595238095 1.69233134920635 0 2.26920634920635 1.96301587301587 25.0954563492063 0.734375 0.591111111111111 NA 3.15555555555556 NA NA NA NA 0.614583333333333
"Gai" 5.35872360982221 3.6637209611717 3.88030541393841 4.9927685102437 2.26920634920635 0 5.07745844598645 35.5825974536135 3.17310458479551 1.92229698201249 2.28155339805825 6.85411705677228 0.767295597484277 1.37735849056604 1.26638477801268 0.826446280991736 0.729166666666667
"MCa" 5.68713885623577 4.06766326544077 4.25777560672132 5.19252294884963 1.96301587301587 5.07745844598645 0 34.1618588432432 3.86011728968881 2.23216075863626 2.3495145631068 6.74043099771707 0.754716981132076 1.40251572327044 2.12031520276763 1.0495867768595 0.5
"Rome3" 36.31910491901 33.7753096653453 33.1353075485438 36.2540355438279 25.0954563492063 35.5825974536135 34.1618588432432 0 12.6754845173585 25.034264067635 1.15533980582524 22.9731496951908 1.71069182389937 2.49685534591195 7.50522134665898 3.81818181818182 2.125
"Ger1" 3.28369574349611 2.38172294089525 2.51171189204322 3.51644793611028 0.734375 3.17310458479551 3.86011728968881 12.6754845173585 0 1.56762248814631 2.33009708737864 3.78783773613306 0.522012578616352 1.52201257861635 1.39810365814594 1.04132231404959 0.640625
"Sens" 1.98294272597276 1.05467700258398 1.29600862998921 1.82164120318105 0.591111111111111 1.92229698201249 2.23216075863626 25.034264067635 1.56762248814631 0 2.41747572815534 6.58255236948396 NA NA 0.790697674418605 NA NA
"Rome2" 3.14563106796116 NA 2.40776699029126 2.32038834951456 NA 2.28155339805825 2.3495145631068 1.15533980582524 2.33009708737864 2.41747572815534 0 1.81553398058252 NA NA NA NA NA
"VimA" 6.90085848322922 5.13395348837209 4.60323624595469 6.35340006522666 3.15555555555556 6.85411705677228 6.74043099771707 22.9731496951908 3.78783773613306 6.58255236948396 1.81553398058252 0 NA NA 2.21705426356589 NA NA
"Ger2" 0.622641509433962 0.628930817610063 0.654088050314465 0.647798742138365 NA 0.767295597484277 0.754716981132076 1.71069182389937 0.522012578616352 NA NA NA 0 1.52201257861635 NA NA NA
"VimC" 1.66037735849057 1.38993710691824 1.32075471698113 1.30188679245283 NA 1.37735849056604 1.40251572327044 2.49685534591195 1.52201257861635 NA NA NA 1.52201257861635 0 NA NA NA
"Che" 1.54635146389903 1.5020180665001 0.59504132231405 1.55826766609008 NA 1.26638477801268 2.12031520276763 7.50522134665898 1.39810365814594 0.790697674418605 NA 2.21705426356589 NA NA 0 0.975206611570248 NA
"Rou" 0.991735537190083 0.694214876033058 0.884297520661157 0.71900826446281 NA 0.826446280991736 1.0495867768595 3.81818181818182 1.04132231404959 NA NA NA NA NA 0.975206611570248 0 NA
"Aux" 0.671875 0.583333333333333 0.5625 0.369791666666667 0.614583333333333 0.729166666666667 0.5 2.125 0.640625 NA NA NA NA NA NA NA 0
