"Aqu" "Dij" "Arne" "Nev" "NIt" "Gai" "MCa" "Rome3" "Ger1" "Sens" "Rome2" "VimA" "Ger2" "VimC" "Che" "Rou" "Aux"
"Aqu" 0 512 482 588 293 611 632 1638 375 260 130 548 91 156 151 90 85
"Dij" 512 0 350 451 251 465 481 1524 312 164 NA 435 94 149 139 68 76
"Arne" 482 350 0 429 244 463 491 1466 295 161 116 406 92 142 56 69 70
"Nev" 588 451 429 0 248 557 571 1623 384 243 117 528 93 141 135 67 57
"NIt" 293 251 244 248 0 291 273 1043 95 111 NA 304 NA NA NA NA 84
"Gai" 611 465 463 557 291 0 541 1631 377 243 113 543 98 145 129 66 84
"MCa" 632 481 491 571 273 541 0 1586 411 252 116 542 106 149 158 79 70
"Rome3" 1638 1524 1466 1623 1043 1631 1586 0 767 990 59 964 162 185 335 156 182
"Ger1" 375 312 295 384 95 377 411 767 0 145 116 249 83 152 139 82 83
"Sens" 260 164 161 243 111 243 252 990 145 0 119 538 NA NA 74 NA NA
"Rome2" 130 NA 116 117 NA 113 116 59 116 119 0 117 NA NA NA NA NA
"VimA" 548 435 406 528 304 543 542 964 249 538 117 0 NA NA 138 NA NA
"Ger2" 91 94 92 93 NA 98 106 162 83 NA NA NA 0 152 NA NA NA
"VimC" 156 149 142 141 NA 145 149 185 152 NA NA NA 152 0 NA NA NA
"Che" 151 139 56 135 NA 129 158 335 139 74 NA 138 NA NA 0 76 NA
"Rou" 90 68 69 67 NA 66 79 156 82 NA NA NA NA NA 76 0 NA
"Aux" 85 76 70 57 84 84 70 182 83 NA NA NA NA NA NA NA 0
